832019161454817280 7
138168339 4
36134224 6
19739126 35
155930120 12
18440301 3
44196397 4
245789728 3
15207668 4
833988769 5
14328072 3
17477864 7
29447428 31
746417655750373376 3
20751145 4
1349087304233541633 3
381685461 4
1344356576786866176 6
168261424 3
79352723 3
1278236816936710144 4
885891622919184384 5
2583166945 3
492736486 25
1113747629282930688 5
1229752606714728454 95
152656121 3
212445456 3
879147821915615233 3
153517357 5
532779460 3
60783724 3
52585436 4
41438148 3
14344823 4
1177718582 5
614600545 9
471426839 5
1305817131234267136 3
14362766 4
2876041031 3
198296897 3
300236092 3
1573800344 11
7767002 3
48325671 4
45342709 3
1483959660185067526 3
804582780298412032 20
424144191 3
214492262 3
130120037 3
2209106522 3
64698201 10
19899980 3
1891490382 3
1109045045649424386 3
19536434 3
1373739644 21
1029041185808109568 3
1475643712596168706 15
73397322 3
26562883 8
3249260534 3
548384458 5
2245797112 5
20280088 3
159021888 3
16041234 3
43277776 4
2561429863 3
558818756 5
90679076 4
3140730672 3
368240745 3
1020602380096696320 3
477934944 3
983813914596118529 6
1066773270773547008 3
36372343 3
19604599 16
4091551984 4
2574271742 3
956266072440635392 29
977204844 6
970994516357472257 3
848148994102611969 6
45977763 3
879713479254528005 11
938758536938557440 9
945762498883588097 4
28785486 3
1005846500583321601 3
71048726 5
17204460 3
14298769 3
22956018 3
1237314642583658496 3
923799290 3
849376476877266944 3
15801906 5
949892499878719488 3
605153786 4
96152544 4
467726691 5
58974496 4
1442256078259974154 3
14247236 3
3832 8
807095 6
1236816024281976833 10
1096205507348623360 8
52770751 3
94350709 11
19980499 3
519897737 5
11134252 3
889054752230735872 5
728273994 11
1137827292 7
966695335887241219 3
746652122 4
139328853 3
20052899 3
416950760 3
18178850 3
756584190112591872 14
2924933104 3
1349149096909668363 5
1176522535531360257 3
1094713876132872192 3
3300678755 7
14260960 6
118166719 5
603724114 4
16635277 3
29270273 3
1393936924830732288 4
1462548977367359490 7
292891307 3
31194003 5
255369151 3
39508140 4
351120282 16
262219168 6
1238370241169616897 4
722528529716383744 3
2598999181 6
21365372 3
813314931147816960 3
978823376 3
355422278 5
785563515897524229 3
113165445 9
1275209472 9
1391884924173627395 6
1221462414744596483 3
2316383071 3
86626845 4
1236324668640047105 21
343713611 6
1136667717317091328 4
818975124460335106 3
1201944151 3
940778288871542786 5
2987245137 5
1241938664 4
16799453 6
178711456 4
25268540 3
255812611 7
820452522494226433 3
978758798176382977 5
29459695 7
1307027256133345280 3
62859096 3
486834536 4
2962813893 10
90732175 18
18166778 5
499154896 5
46926921 3
225779417 7
1598709350 3
1384053916690571264 14
2352629311 6
1155845777039810560 4
1120633726478823425 4
51241574 4
242827267 3
20172153 3
1060751816 4
1640929196 3
255471924 3
1201953403099893760 3
282711900 3
1375592430624518156 4
1424033022 3
1488966025257312262 4
1077214808 3
2245822809 17
315779591 4
27493883 10
24931027 6
20995648 3
799717156589965312 7
175694557 3
80040960 5
1074480192 7
26637348 4
793520017 4
1443759943 3
1201670995435646976 5
1387010761994682371 27
2530758806 17
16106584 4
523411543 5
2904241896 5
1503925343434215425 3
1449377648229195779 3
91583544 3
874916178 3
2234760798 3
21525682 9
871464343040393218 3
1349418249172234241 3
1491238215256141825 3
1481658762221993984 3
3348628540 3
122640580 3
7768402 3
1341091420439015424 3
1387802155810271239 3
179313631 5
1255393579507351554 3
950261179536084992 3
39344374 3
90651198 11
834081571493785600 3
2467791 3
2800843867 9
816652616625168388 5
1271162030393896968 3
1104524508709441536 4
2553418813 3
799911790398373888 5
105433445 5
80802900 4
22693817 3
237176284 9
1003107003693137921 6
1456416915065352197 3
713752653289955329 3
2153626892 6
1080844782 5
1415344770130587649 3
117122035 4
27086850 3
1298372735383605249 4
2975091705 4
1498289437624647686 3
1903372854 3
24127811 3
151606599 5
58487473 6
1280478731874848769 3
454099919 3
39002335 5
22189368 3
189340096 3
47094621 5
1917731 7
2332818674 3
302984766 7
4541535439 3
180887271 3
1259851956 3
2926204339 3
877968869138329601 14
775611351792222208 4
919828292387061761 3
935368364 3
878247600096509952 4
7587032 3
420617857 9
26347394 18
22277113 3
19678937 4
3866705320 4
54391597 4
2809959174 5
1652541 11
182474563 3
409657315 6
1957610664 3
954005058793832448 4
1046608631968538624 11
2264401871 7
324703658 7
67805368 5
306832085 4
1260792878420291584 6
1108565574 4
308045021 35
