50122160
50732546
52615377
45041039
50776149
50913245
20595117
45273033
39569598
49693975
38491967
36642996
50881246
52254603
51987970
49750558
49115690
50608834
50068216
51147790
43546353
50199793
52476938
50774468
49273674
49148452
41012519
52938698
52793250
52173832
49447323
52564468
49355567
52797744
52894384
53082946
49992211
53084107
51065232
51934027
50652563
52830980
52774618
52496677
49202417
51243012
53072811
51379338
53009736
51325095
53016962
50702879
50941451
35985708
45193257
46983871
53008075
51917998
52266433
50895620
51010391
39134375
35004134
53071109
53037408
51247650
46134316
50592435
52706646
45284807
53047425
52517734
52223435
51809405
38672733
52753467
50761804
52500542
50378566
51210331
49786731
50389232
51110953
49042814
51915884
52447634
52966385
52947077
30559999
52845727
50057481
52008531
51199159
51145127
50736950
53052943
52012289
52697458
42800127
51142763
49945008
50667536
51214937
53047293
52639757
52451546
52474360
52300235
49865122
52150226
50864942
52791632
38002140
49600435
45761937
48354073
49390985
51130320
49248343
52754918
12598621
53058008
51007592
37010568
50720905
53057410
51197300
52683195
27681907
51152957
52161778
50005452
50669529
49998206
50759440
52709697
52631742
50676891
52479341
52160649
52705209
52533596
51126995
51301346
52850806
51744771
49908889
51645455
39792599
53067930
53075086
38243114
52776495
50718004
29569603
52868156
52778209
31612235
52048190
52844555
53084041
52918997
53018444
50704952
50015891
50200864
47964988
51403161
50424562
49945404
20422170
53002620
52976583
52489871
53071190
50287514
14720400
52812751
52801489
40684262
52882573
33631101
52724725
49989755
52558011
52036644
50038433
52821302
52294653
52147775
49200164
53078987
50593376
41521760
52660946
52804949
49263512
38610362
50658053
49423742
